8
13
29 16 3 0 4 0 242 1 1 3 34 34 1 0
44 24 0 6 0 8 510 1 1 3 34 34 1 0
61 33 3 0 9 11 596 1 1 3 34 34 1 0
42 23 0 6 0 8 584 1 1 3 34 34 1 0
37 21 3 0 6 0 591 1 1 3 34 34 1 0
42 23 0 6 6 0 666 1 1 3 34 34 1 0
40 22 0 6 6 0 760 1 1 3 34 34 1 0
55 30 3 8 8 0 1144 1 1 3 34 34 1 0
49 27 0 7 7 0 1127 1 14 3 34 34 1 0
48 26 3 7 7 0 1134 1 14 3 34 34 1 0
52 28 0 7 7 0 1146 1 14 3 34 34 1 0
45 25 0 7 7 0 1138 1 14 3 34 34 1 0
53 29 0 8 8 0 1211 1 14 3 34 34 1 0
0 1 16
20 cells
30 cells
50 cells(r0)
60 cells
60 cells(r1)
75 cells
75 cells(r2)
130 cells
160 cells(r3)
180 cells
190 cells(r4)
230 cells
250 cells(r5)
